zipcode: -0.05320285429829216
id: -0.016762196614444884
long: 0.021626241039337152
Unnamed: 0.1: 0.027372057001024377
Unnamed: 0: 0.027372057001024377
condition: 0.03636178912899721
yr_built: 0.05401153149479249
sqft_lot15: 0.08244715251948544
sqft_lot: 0.0896608605871003
yr_renovated: 0.1264337934408933
floors: 0.25679388755071897
waterfront: 0.26636943403060204
lat: 0.30700347999525446
bedrooms: 0.3087968022200232
sqft_basement: 0.3238160207119844
view: 0.39729348829450273
bathrooms: 0.52573751112427
sqft_living15: 0.5853789035795692
sqft_above: 0.6055672983560784
grade: 0.6674342560202353
sqft_living: 0.7020350546118005
price: 1.0
