date: 0.00303273540819379
floors: 0.25679388755071897
waterfront: 0.26636943403060204
lat: 0.30700347999525446
bedrooms: 0.3087968022200232
sqft_basement: 0.3238160207119844
view: 0.39729348829450273
bathrooms: 0.52573751112427
sqft_living15: 0.5853789035795692
sqft_above: 0.6055672983560784
grade: 0.6674342560202353
sqft_living: 0.7020350546118005
price: 1.0
